1038 mun Locorum

00000100, prope 1110001010, 179.

omarum, 01110, 522.

Gerra (ria (10), 12.

omorio, 955.

0000000, 74.

coum, 909.

00001000 (homines de), 79.

05000000 rire enormium 0100 01010000,
000 0 not. r; 010.

050000, 904.

050110, villa, 519.

0500000010 01 ejus (1101010000521.

05100100 mons, 20.

0510000, 579 not. 1.

0500100000 00010010. 905, 907.

0500000101, casale 10001105ος01, 454, 455.

01011000, villa, 549.

01000100 sive 0100011, 754, 791, 793, 931
not. 1.

0101100 Castellum, 199 01 001. 2.

0101100 Novis, 01010 11000110, 50, 51.

0101100 11000 dr 1100510, 241, 242, 999, 994
01 not. 1 , 753, 754 01 001. 1.

0101100 1010101010101000510), 199, 201, 202.

clarorum Aqua, 150 01001. 0.

010011 flumen, 242.

0100100010, 972, 979 not. 1, 999.

040011, territorium 01 civitas, 150.

0051050, 955 01 001. 0.

00110000, 187.

000, castrum, 000, 010.

00110 11οΡ0100, villa, 522.

0041005100, 522.

0011000100 sivo 00100000, 559, 554, 555.

0011101010, 510 not. 1.

0011100, villa, 520.

001110 0000111000, 520.

001110 0000011, 01110, 522.

001110100010,0001100, 525.

001110 1011011, 12.

00100010 00010010, 904.

00100000, curtis, 12.

0010010, civitas, 45, 40, 024 001. 5, 029, 099,
053, 072 001. 1.

colomam, 591.

0010050010, 000 not. 2, 097.

0000000010, 150.

compoto (castrum 10), 12.

00000100, locus, 12.

0000001000οε, rra.
0001100110, 794, 795, 029.

0000000, civitas, 509.

aarum episcopatus, 901.
0001011000010000 imperium, 250.
omno (1000 do), 917.

0000410, 75.

comm, castrum, 00.

corona, vina, 000 er nor 9.

¹ 000100 000, 000, 000.

coru, villa, 519.

mum, 000, 0100 nor. 2; 00, 00, 10.
00000, vina, 00.

ommno 0100 rumara, 27 01 0001.
0000001000, villa, 520.

Corsica, 717 001. 1.

000100000001110, 519.

corta, villa, 520.

, corronium 0100 0001000, 95, 451, 594.

00000010, 74.

00010, 01110, 520.

00010 10100 (villa 110), 729.

0010001001 (1001000100πο), rastrum, 191,
192 01 not. 0.

0001000000, villa 000 terra, eum 000110 dictae
0110050000100100000, 729, 924.

001100010, 199.

001110 (00010110), 959.

0001111010, vallo, 495.

Cremo, 215.

00000100 0000, 579.

cremona, 119, 120, 121, 915, 952, 979, 974,
575 01 not. 1, 375, 995, 195 not. 2;514,
524, 525, 592, 595, 551, 595, 599, 509, 521,
597, 509 not. 1, 099, 594, 095, 597, 590,
720, 799, 757, 792, 794, 790, 799, 024 01
001. 5, 900, 921, 925 01 001. 1, 927, 929,
990, 995, 945 01001. 0.

0000000100, 110. Vide 0000000100.

0000000100010000000000010010, 1100012,
495 01001. 1.

00100100 (0550110 de), 520.

00100190, villa, 255.

0000011001, 255.

000000, civitas, 510.

0011001110, 909, 904.

000110 Nova, 204.

000110 11010110, 729.

00100110, 25 001. 1.

 

