INDEX
5555555 sava aunanaaaacan

ψαᾱηκνω-

Animum, 588.

Auum Grana, 858 58558. l, 858 58 558. 8.

Aaaa 5855 Annon, 855 558. 8; 785, 858.

8555, flamen, 858, 855.

8598858555 (aeclesia 55), 887.

8118585555, 885, 887.

858855, 855.

855555 (matrum 55), 878.

8858585, prope nomm, 888 58 558. 8.

885585 aiva 855585, castrum, 78858558. 8 ; 858.

Alamannia, 888.

Alba, villa, 888.

maman, 5555 58 nummus, 888.

88855585 (campi 55), 858 558. 8.

88859555 (comitatus 55), 85, 85.

Albianum, nastrum, 78.

8858555555, molendinum, 858.

8855555585. Vide Gnnmnia.

8855555585, aimus, 885, 858.

Alifia, 888.

Alianis, villa, 588.

Ausa, tarra, 887, 888..

88555, 878, 588, 555.

8855885, 585.

88555555, 578 558. 8.

888555555855558851555), 888, 878 58558. 8;888.

8885855585 uulua, 888.

Almanam, 888 58558. 8.

Anulia, 5858855, 888, 588.

855585 (plebs 55), 858, 858, 557, 558.

Amninanum, castrum, 588.

8559585, civius, 85 558. 8; 88 558. 8; 88,
87, 885 558. l, 885, 888, 888,888, 588, 587.

Anam, flumen, 885, 885.

mmmmm.

&mmmmumm

8555555855 aim 8555555558, 858,888558. 8.

’ωωω5

85585555, casuum, 78.

8555585855, austrum, 778.

855885, ragnum, 858, 858, 888.

85885588, castrum, 875, 885.

Aalla (55555555 58 homiues 55), 885 58 558. 8.

Apulia, 8, 58, 875, 878, 885, 887, 858, 878,
888, 858, 588, 888, 788, 788, 885 558. 8;
885, 888, 888 558 8 5 888.

8555555555, 855, 887, 888, 878, 878, 888,
888, 888, 888, 888, 888.

Aquaviva, castrum, 788.

Aquae 5855 Aqiaiummnnn, 5858855, 88, 888, 888,
885, 885, 588 nau l; 887, 888, 888.

Aquae Mantuae, 788 558. 8.

Aquinum, 58), 87.

855585, mons, 855.

85555555 8558558555, 785.

8558555555, canuam, 858, 855, 558, 788788,

8555, castrum 55 episcopatu Plammiaa, 788.

85585555, 888.

nauum· 8555855, 888.

Anna, vinus Parmae, 887, 888.

8558855 siva Aulium, 5858855, 588, 887.

85558585, uaria iu 5555585558 5585555585, 888.

Araunia, 888. ’

85955555, 888.

Arinnum, 885, 887, 858, 888, 888 558. 8. viae
Annianum. .

Ariminum, 878.

8585 (Atlas), 785. ’ ·

Arnus, 555855, 878, 888.

, 8555585 (homines 55), 888.

85558555 (55558555 58 hominu 55), 885 58 Arwilra, 58115888.

Ἓμωωωωηωωῃη

 

