’1011 18888 88181888

“ 11881111,11111’011181111101118, 1111181111, 787.
11881111, 811111 1181181, procurator curiae in
7118111, 888. 1
1111181111, publicus notarius 8111811, 858.
1111188, finus 818111888811881, 111, 111.
10881111, 88118111111111 11 8111181 11811181-
11111 sororis comitissae 18118811, 88.
1088111111, filius quondam 8011111118ἰί 11 Cortona,
imperii 1181181, 887. Ι ,
11811111, 8811818111111181 oomnipo'tra 18 8181-
111111 do 81181111, 88.
10881111, filius simeonis, 688. 0
11881111 et 11111818, 811111, peregrini, 787.
10881111 111818, peregrinus, 788, 788, 788.
1188111118 uxor ejus, peregrini, 787.
11881111111118, pereginus, 788. ,
11881111 1111180 1111181111, 758, 788.
10881111 8118811111, 1111181111, 788.
10881111 1181111881, 1111118811, 788.

11881111 81 888888, 8118111811, 888.
11881111 11 1811111, 837.,

81881111 8111, 8181818188.

11881111 8811111811, 111111τί11111 788.

1818818 11 1111118119, 110, 818.

11881111 8111881181, peregrinus, 788. ·

11881111 11 11111181, 118ρί818188 ι[118 ’8111118ὲὲ
tore 858.

1888111811 11 8181111811 sive 1881818118, 811·
1111 imperialis 1111111 111111, 858, 888, 885
pot. 1, 111, 111. ,

1188111111 1811118, judex, 858.

11881111 811818111111111811111, 788.

10881111 11111111, magister 1111111811 811888
Ι8118111118111118111111 11811111, 888, 885, 888,

10881811 1181111881, 1111111181ιὶ111 81111188, 88,
83.

Ι 1188111888,1111131;ἱ111’1,788.

11881111 8111118111, 887.

11881111 11 01118, 808, 888.
f 11881111 8811891818,11181111101108181881188
’ 11818,1,1,111,110.
¹ 108811111111111,181111811811111811838118,

11881111 11 8181111181, baro 8111111111, 587.
1088111181101111, peregrinus, 788.
11811111 Bonus, peregrinus, 788.
10881111 18181, 838.
· 1188111111 1181111, rex Hierusalem, 887. ¹
10881111 118101811,111113181111,788. 888, 888.
11881111 1111111111811,111011111111, 88, 83. 1 10881111 8181181, 11811181, 588.
18111181811111818111111,111111111111,11. ¹ 11111181111111118,1118111111811111.
11811111 11 Capua, 1108111111, 686, 777, 778, 8 11881111 101111111 88181011, 785.
11881111 11 0811181111118, judex, 878. 11881111 11 Ρ111818, 888, 888, 918.
11881111 81111, testis, 888, 888. Η 11881111 88 ..... camerarius 81811811 1811 811ὲ
1088111111 Columna, presbyter cardinalis, 887. ΐ mon Salsum, 888. ι,
11881111110111881, 858. 11881111881111, peregrinus, 788.
1181111111 0111111811181181111118, 718, 738. 10881111 1119111, peregrinus, 787.
10881111 1111181118, 1111138111, 788. Ι 1111111111 118181181788. ,
11881111 11 Diana, Juris doctor, 788. 10881111 11 8181111, peregrim, 788.
11881111 1111118110, 1181111111, 878. mamm nucem, procurator, 11, 81,
10119811011178818888, 83²· 188811118811111 de 1111188, judex 1810818111,
10881111 11 118118081111811111111181118, ’
8981111. 8.
10881111 11 11811, peregrinus, 785.
10881111 1168111111, peregrinus, 788.
11881111 Gallina, procurator domini 61110111·
, 11818111, 111, 101. ,
10881111 (18111111 11 81111, peregrinus, 787.
11881111 688118111111, 111118111111111, 178.
11881111 11 88118111, peregrinus, 788.
11881111 11 11881111, 838.
11181111188111111811, imperialis Barensis ju-
dex, 888.

111, 111.
11811111 1118811811, 838. ,
11881111 118111, peregrinus, 787.
11881111 11 881118811111, judex, 887.
1088111188111191, 1111118181787. ¹
10881111 11 8181118111, peregimus, 788.
118811118881111181, peregrinus, 787.
1181111111 sabato, notarius] 758, 788.
1188111111 Simone 1111111811, 838.

18881111 sutor, 111111τὶ111, 18 88888181, uio}
1088888188811110, pro qim'tuor 111111ὲὲ888, 788.

 

