10⁴8

sutanum, castrum 1111111111111.

Sutrium, 899, 881.

mmmmm

81111111111111, 801, 803, 808.

81111839.

81181111, ostrum, 789.

7111111111 81111111, prope Parmam, 570 11
11118) 585.

8111111 pn'ocipatus, 808, 813.

Turonium, 880, 881.

811111, ouvius, 551, 880 111. mm 111. t,
mmm

Tarvisium, 738.

8111111111, 917.

8111111111,1111111, 318, 389, 831, 337, 338,
mmmfflmmmffim
888, 885, 878, 788, 888, 988, 98311111. t;
988, 985, 987, 988.

81111111 111111, sylva, 355.

mmm

81181111 sou 81111111, civitas, 183, 318.

7111181111, 807.

8111181111, flumen, 355.

811118181111, 889, 887, 988. -

Tmo Sancto, 838, 817, 888, 857, 888, 883,
888, 888, 889, 399, 887, 838, 501, 798
111. t; 807, 918 ot not. 8.

Tmou, 11111111, 80.

7711181181, 355.

7111181111,111111111111111111188>111111,8081111.1.

781111111, 703. Vide 6111111111.

711111911111118111111, 100.

8181111, 1, 38 111. 8; 831111. 8.

8111118111 1111 7111111111811111111, 383 111111. 1;
38811111. 3.

8111111, flumen , 887, 888.

8111111111, 938.

81811, 889.

81111111 (1111181), 789.

Tolentinum, 758 1111.1;778.

81111 (11111181), 88.

8111111111,111111, 788, 783, 788, 788.

8111111111, locus, 18.

7811111111, omitum, 581.

11111111. 4

81311ἑ111111,81 1111111111 mimimo 111111, 901,

7118811 (11111 81), 588.

7811111111 (11111181), 18.

tuuttx 1108081181.

8111111801 81), 110.

Timo, 111111 vio, 850.

7111111111, tomo, 385.

7111111881, 889, 833.

7111111111 comitatus, 808.

Tridentinus opisoopaous, 718.

81181111 (hominm 81), 80.

8111111,1111111111, 877, 878, 879.

71111111, 887.

Troia, 780, 781, 788, 798, 797.

7111111111, 11111111111111111, 580.

7111111 1111111, 588.

71111111111111111, 180.

tuoto 1111 88111111, 88, 888, 383, 373, 181,
199, 530, 557, 878, 887, 888, 898, 899,703,
mmmmmu

8111118111), 11111, 885.

Tyrus, 118111511111111. t.

wwfflw.

8111111, ciuitas, 138, 889, 880, 878.

81111111 sivo 81111111, 898, 38811 not. 1.

11181111, villo, 888.

818111111111 territorium, 150.

8181111111, castrum, 78.

11181 1111111, 888, 715 not. t.

1118111111, 919, 980.

81111111, 738.

1181111 (podium 81 11111110 1111111111 111),ξ18.

111111, vitta, 880.

rotonum, 580.

111111111111111111111111 181), 78.

11111111 (plebs 81), 588 11 noi. 1.

1111111111, 879.

totto 81111111, 789.

811111 Ponti (monasterium), 580, 588.

11811 qui dicitur Gonqui, 88.

1111111111 comitatus, 588.

11111111,1111111111, 7881111. 1.

vorum itonoiionum (1111111111 81), 789.

811111 18111911111111 in episopum Pom*
(1111111181), 789.

7111111 711, 18.

1111111, 1111111, 813, 311 et 111. 8.

Venutio, 797.

1111111111,1111111,180, 188, 885, 808, 857,
mmmmmffimmm

Votono, 1111111, 88, 187, 889, 177, 838, 875,
mmmmmmmmm,
311, 318, 313, 311, 385, 318, 838, 888, 908

 

