11199

1100909000 99990 (1009009 90), 997, 999.

Honorum, 99 009. 9.

Hosio, 10999, 135.

9109919099, 995 001. 1.

9019990, 399. ,

9011919199 comitissae 99990, 599.

Nomia 001199, 595.

9199100000, 09019090, 599.

9199199000, torro, 799.

99999900, ouria 90 Bononiensi opiooopoio, 399. ’

Mediolanum, 999, 995, 915, 991 009 9; 995,
951, 575, 995, 997.

9999901099 000 potius 9190910100, 00099009, 95,

9991090190990901099, 95 009. 9. 199. 91909101-
099.

9199οῃ999, 997.

9910090999 comitatus, 595.

119190, urbs Apuliae, 57, 99, 955 009. 9( 919
999. 9; 999, 999, 009.

91900009 campaneo, 713.

9199090990 (viiio 90), 799.

91999000, 795, 919. ·

919000, 90990, 799.

9191999119 00919009, 595, 597.

919οἰ919990 0009009, 997, 999.

9199919019, viiia, 00990 09 9909990900, 599.

119900, 99190, 955.

910999, 000010, 999.

9100909, 909900, 159, 959 09 009 5.

9109οο990, 993.

9109009 (099010οι, 955.

9101900009 00010990, 59.

91019999 0090910909, 597.

9100509009000, ouria 90 Mutinensi episcopatu,

9100509900009, 979.

9099019009, vilio, 591.

90000019. 0999900, 997, 999.

91009 900109, 09019009, 599.

91οο0010119, 00099009, 591.

910990 00109909 0990 9100009999, 597, 559, 559
009. 1; 959, 959, 555.

Hom 001009, 759, 759, 759, 755.

99009 0091990999, 9009009, 995.

91009 Ferratus, 597, 599.

91009 190, juxto 100900 Nestoris, 159.

9009100909, 359.

91οο9009990, curia 09 9909990900, 591.

11111919 1909011111.

90099990ρὼ999, 00019090, 99.
91οο99999 urgentem, 939.
9100999900, 00099009, 7, 9, 977.
9009909990, 10000599.

9100999 9055099 (00999), 399.

1100990 0010019 00919009, 13.

91099999 comi 0009999900, 995.

9100999 01999919 (monasterium 90 9009910), 799
009. 9.

9100999009099 urbo. 759009. 9; 999 009. 9.

900199 1100999 0009000, 599.

90019990190099 ouria, 795.

910099909οΜ99999, villo, 599.

910099900919 castrum, 599. ,

9100999 999099 mirum, 933, 999.

9009990909· castrum, 953.

iimo 9019999 00019009, 799.

91099199 9900099919 mirum, 77.

nmo 0990099 castrum, 999.

9100999 800099 ,100919 civitas, 997.

91οο99990099 1900091010, 599.

90990 mmo· civim, 959 999 9.

900199 109059 ouria, 599. “

iimo 99909999 monasterium, 995, 995, 997,
990, 999.

900199 90909009 09099090 90 0090000909 1109909-
900, 799.

91οο90199, 00019009, 919.

9009000100, emirum, 599.

9109909999 9100991990100999 mirum, 195, 199.

91090090, 995.

9109900990, 955.

91099ορ90 (10990 do), 975, 975.

nomo 99 90119, 799 009. 1.

91090, campus qui 0909 00990 0999909ιο crono-
0009, 999.

99099110,1100900, 979 009. 9.

910009059990, propo 9010099090, 999 09 009. 9.

nmio, 00990 90 Regino 0090000090, 999.

9011009999, 999.

9109001900 mono, 955.

1101090999, 90 9190190, 999 009 9.

 

