1024

0866661181, 81816616, 881.
0886, liolhomagsnsis archiepiscopus, 817.

1181111 1161811618

816,161, 886 861. 8, 186, 117 1161.1,678,
616, 611, 681, 688, 691, 768 nol. 8, 768,

0886, Tusculanus opiscopus, Α668161168686816 811, 876, 876, 986 861. 1.

lagatus, 188, 769.

oddo 6 comm. 666, 666.

0886 86 066186, 6616611866, 787.

01888 86 11661661, peregrinus, 788.

0888 1181668616, 781.

0888 86 Lucium, nobilis 111, 669.

08811666 86 11666116, 86.

’ 0861686181116 odorisius, 61816168886 episcopus,
11, 16, 66, 161, 166.

088, 68161 (18111681 86 6111688, 918.

0861186861 86 16686116 61 86111816, 8161 ojus,
pel-agnini, 788.

0661161 86 06861661, 6616611886, 787.

opacius 68 186118, socii, peregrini, 787.

0181666661, 66668 Sancti salvatoris 8686116,
episcopatus 6116881, 11, 18.

0816161111, 6616611886, 786.

0116611668861116111166, peregrinus, 786.

olivarius Salomon, 6186616186 Papia, 688.

0816611111 61 6666116186 1611881116, peregrini,

0811666 86 8116166161, 711.

0111666, 7116666886 6616166666, 718.

0666888666 86 8861666616, 681, 877.

01666161 8116 0166166 1161116111, 88161188, 177,

0188118161, subdiaconus 68 capellanus 68686,
886.

01886866 86111686 6681816886 86 Sanco 061·
1168, 668.

01161866, 86181188, 61168811811681, 688.

01166866 01166111, 786.

01161166, (1818188618 8116 0618168616 sabbas, in
putialis capellanus, 688, 689 61861. 8.

&ulpius 86 Gracc, 689.

ouo 86 88868618, 889. vincomali, 1186618161.

088618,116816861881 1816618161, 886. “

01186116 0886, 1116 0166, 868611 11186111 inca»
6616 Tulliano cardinalis, 1, 88, 86 611161. 8,-
66161, oo, 61, 61, 66, 61, 61, 116, 111,
118, 111, 818, 116;1>61111686186618686116,
aaa not. a; 161, 816, 666, 118, 116111,
888 881. 1, 888, 881,186, 616.

0816, Frisingcnsis spiscopus, 898, 898.

0166, comcs 6618118118, 898, 868.

0886, dux 61181186, comcs 66186866 116681,

0186, dux 616168186, 868, 866, 889, 61681181
imperatoris, 681, 688, 667 61 nol l.

0118 86 8161611, 868166, 611.

0186, 661866 86 1166188818, 8116 01611881, 111111-
16111, 1116181618, 11866111 par Austrinos 61 816-
11681 capitaneus 61 6188618181, 678 61 861. 1,
676, 686 81881. 1, 878.

0816, comos 88 6816186616, 888.

0186861. 86 18616616, 8661161, 861.

0818, advocatus do Langcnbuch, 689.

0118, lilius 11681161 88 8668686611, 866.

0118, 88181886, 6616611888, 786.

0116 8666681161, civis lugiustousis, 878, 871.

oco 81116666, 16161 noc. 1.

0118 86 Grau, 689.

0118 11616616, 0686881661666681686, 711.

0116 711166, 116161 lingonis, 689.

0116818161, 811188688186811116, 916.

0116111168 8686816661, 166116, 181.

1., lilius C. 88 civitais Clusincnsi, 886

1., lilius Pandulphi 86 Aquino, 786, 787 .

1. 88 fosculo, 686.

1. 86 88666816,816886186 liconii, regis ln-
gliac‚ 867.

1118816161, 8881168 1616816, 778.

161186 86 1166816818, 187.

1686181161, 67.

1611161161, 6866118118 716166 judex, 766.

1611161161 86 Sancto 1116688, 68.

1811161168 Vivo, 711.

1668611686, 917.

1861861168 86 Aquino, 786, 787.

1611868866 86 1666116116, imperialis 18 succa
616111868616811681168 generalis, 7, 81, 76,
11, 16, 16, 66, 166, 161, 111, 161, 166161,
Qmmmmmmmm
168, 66166161, 666, 666, imperiala pro·
11161, 661, 666161, 116, 611, 611 nou 1.

1618111168,861111666816181818 bajulatione Ta·
16881, 681.

saporam, 166, 161, 618, 616, cao, 666, 611,
661, 166161. 1, 616, 616.

1611861668, 868, 868, 868, 866, 876881. 8,

, 876, 676, 691, 687, 661, 668, 668, 618, 681,
111, 611, 166, 666, 611, 661, aaa„
1611866661 86 0611188, 686.

 

