tuost 50009055 toto

755555, castrum, 575.

75555555, 590.

omum 55 05555555 (valvassores do), 79.

75555555, 520.

Victoria, 575555. 5; 599, 595, 597, 599, 599,
505, 599, 552, 929, 990, 995, 992.

755555555555, locus, 52.

7555555555, 525.

7555555, insula, 520 55 555. o.

7555555 55 5555555 comitatus, 552.

7595555, 579, 555. 5.

75555, curtis, 52.

7555555555, 55, 279, 27555555. 5.

75555555, villo, 520.

755555 (castrum 55), 522.

7555555, flumen, 955.

7955555555, 5550555520.

viterbium, 525, 525, 527, 525, 529, 595, 595,
599, 559 55 555. 5, 555, 552, 559, 295, 297,
255, 292, 297, 299.

7555555555, villo, 520.

7555555555, 15555, 579.

75555555 sivo Ftouhetm, 995 55 555. 2.

7555595555, 520.

7555555555 sive qudouoo, 995, 995.

7555555555 episcopatus, 579, 590.

57555555, 979.

5755555555, 573.

7555555555555 oestrum, 555 555. 5.

7755555, 575 55555. 5.

5555555555, 905. ·

7755555555, villo, 559. ’“ 59

5755595595, 999.

775555, comitatus ot dominatus, 779, 990, 995 .

Wootmonostort'um, 290.

7555555555 sius Wotstor, 995, 99555555. 5;
869, 870.

5755555555, 995 555. 5.

7755555, civitas, 992, 525.

Wtqeowitz, 55155255.

7755555559, 997 55555. 5.

7755555555, 779.

57955555, villu, 255.

57555595, civitas, 505, 507, 955, 955, 999.

sancum, civitas, 52, 905.

5555555 terra, 520.

25955555 (Agrum), 909 555. 5.

2555555 (castrum do), 729.

2555555, 29555555. 5.

Zmint, 900 555. 2.

 

