teta

Perusinum 5444455, 454.

renatam, 595.

4544555, 55544554, 445554. 4; 775, 775.

45445 4555445, 947.

Petra Saucia, male 545 4455455, 75.

Petras 4455545555 castrum, 729.

4545555455, villa, 524.

Patrrruuurum, 524.

Patricium, 44415, 522.

454444 ramanus (castrum 45), 549.

4544555554, castrum, 242 54554. 2.

4544544445, 44445, 522.

4554555555, 449, 554.

Phariae, ecclesia, 575 54554. 4.

44545545, 945, 947.

4455544, curia, 944.

44545 (villa 45), 944.

44454 45544, lacesscitum, 454.

Pisae, 5444455, 244, 222, 227, 224, 294, 294,
aas, 555, 554, 445, 545, roe, uue,aet.

4445555 archiepiscopatus, 479, 454.

44455445, mesic, 949.

445545 (curia 54 fluvius de), 479, 444.

4454545, castrum, 947.

445455455544 [civitas et episcopatus), 529.

Placentia, 952, 994, 554, 592, 724, 794, 799,
924, 926.

4454555, 757.

44454 0544555444 castrum, 5445444545 Plana,
554, aaa, 445, 455.

Pictis 0554555, 452, 459. Vid. Castrum 445444.

445545 dc 5554545 5454554545, 729.

Plebs 45 Vario, 549.

44555555 54 44555444 Strata, 454.

454455 dc Grcppa, 54555 burgum Galloni, 454.

Pactius 5445 45444 55545454, commuue, 975,

45455455 45 4455445445 (castrum 45), 729.

Patauino Sancti 444445 episcopatu Cremonae
(castrum 45), 729, 794.

4544545555, 447.

45445, territorium, 474, 475, 475.

4554 445554, 975.

45445 Tremulus, 44415, 497, 495, 544, 744, 745.

4554444445, 254 554. 4. ’

45545555, curia 54 districtus, 524.

’ ” 455545 (castrum 45), 549.

4545544, curtis, 479.
4555554455 regnum, 774.

i
4

tucax 5050444444

454455, 5455444445, 944.
454454 5544445444, 945.
Portus Vauerir, 244.
Patauio, 995.

Patitur, 455445, 479.

p 4545555,44145,549.

4

i

ξ

i

Prata (55544454 45), 452, 459.
44544 Veteris monasterium, 524.
Pratum, locus iu Tuscia, 479.
4455455, 75 554. 2; 77, 74, 79.
44555555, 44445, 944.
Principatus, 494, 495, tto.

' 4455444545, 952.

Puteo (55544445 45), 524.
amaru, 55455, ate.

0554554554, 44445524. Δ

0555445, vitta, 524.

0545455555, castrum Brixiae, 554 554. 4 3 925,
4455554444, 754 554. 4; 994 554. 4.

4454445545, 555.

4544555555, 55544545, 252 554. 2; 599.
4544555455, tat.

) 4455445545, uitta, 729.

5544555555, monasterium, 577.

iturorum, 44445, 524.

4454445555, 292, 299, 295, 295.

4455555544 , castrum, 729.

Baccara, 5, 954, 954, 474, 555.

4444555555 exarchatus, 599.

4455455555, 955.

aare, 224, 254.

Recitata (molendinum 45), 25.

5554555 episcopatus, 944, 755 554. 4.

44454554, 974, 975 54 554. 4) 975, 597, 755 554. t,

4455444, fluvius, 445, 794, 795, 544, 559, 474,
sus, 554, 555, 554.

5554545555, curia at 4454445455, 524.

commitam, 524.

4454555445 (terra 45), 729.

Rhama, 255.

camoranam (45545 qui 4454454), 929.

44445454, insuta, 772.

54555, 544 a 454. 4.

4444455545, 544.

4455544455, 594 554. 2.

5454455455, 524.

ilipa, 44.

 

