tuost 60606688. 8688

66666 Petraitis, 786 68 668. 8, 768.

8666886, mors, 366.

6686666, flumen, 786.

6668666666 (villa de), 729.

Laodamiam-castrum, 729.

nuaram, castrum, 832, 678.

166866, iocos, 837.

6669666666, ailla, 266.

6666668 sire Laaeeam, castmm iu Cauavesio,
336, 892, 893, 662, 663, 668, 666.

Lapidem (teodmn ad), 866, 866 668. 8. 686.
Staio.

horatianum, castrum, 628.

lateranam, 836, 837, 886, 872, 88668668. 8,
896, 289, 388, 667.

66666, 366, 373, 637, 767, 762 668. 8.

6666688, castrum, 763, 768.

66666666, 368.

6668666 (cortada), 83.

66686666, castrum, 988.

66866, villa, 262, 263.

6666 (monasterium do), 366.

6686686, 363, 368.

68696886, ducatus, 966 668. 8.

liparia, 896, 899, 667, 666, 678, 669, 686.

limae vallis, 866.

linaria, 628.

68666886, fluvius, 66, 68.

sopra sivo 66986, territorium, 689.

66666686 fossatum, 866.

lombardia, 87, 883, 886, 828, 888, 898, 892,
278, 276, 363, 373, 378, 867, 882, 688, 688,
686, 668, 683, 687, 666, 696, 698, 763, 798,
799, 862, 926668. 8, 926.

66668666, 266.

6669866668 abbatia, 97 not 2.

6668666666, viiia, 622.

6666666666, 626 68 668. 6.

66666666, terra et castrum, 768 not. t.

668666, villa, 689.

66686666, villa, 265.

tochendorf, 887.

666866, 889.

18886666, 673 668. 8.

6666886888, 672.

6666 (pianum de), 879.

666666 civitas sive 6666, 866, 236.

666666 dioecesis, 826.

6666666 episcopatus, 866.

6666888666 6866 668668, monasterium, 866.

baoaria, Apuliae civitas, 68 668. 8, 866, 867,
867.

6666666686, villa, 383.

66688, castrum, 989.

Locos 86 Macella eum districtu, 623.

6698866686, 287, 286, 286, 276, 272, 273, 278
668. 2, 276, 277, 388, 387, 327, 336, 336,
386, 868, 862, 883, 828 668. 2, 828, 838,
887 6688, 868, 886, 889, 896, 898, 667,
669, 688 668. 8, 686668. 8 , 628, 629, 632,
mmmmmmmmm
668, 666, 668, 676, 676, 688, 688,687, 686,
689, 623, 628, 686, 688, 668, 662, 663, 688,
aas, aaa. aas, aaa, aaa ei nor. 8, ara er
not. 8, 726 68 668. 8, 787, 738, 737, 778,
776, 796, 886 668. 8, 326936 668. 8, 936.

6688668 castrum, 896, 896.

66666686 episcopatus, 886.

6666666 provincia, 672.

hapa, villa, 266.

ssawata, commane, 766, 768 668. 8, 768
668. 8.

8866888668, 673.

Macra, 66666, 366.

Mappalia, 66666, 366.

Magantia, 798 668. 8, 838 68668. 6,· 898.

886866886, locossic dictus, 868, 866.

Naiadaria (locus qui dicitur), 728.

Molossia, 376.

88686668 sive 88686686, forsitan 88686689, aas·
trum 68 oppidum, 628 68 668. 8.

8868886666, 889.

886886, insuda, 989.

Maureta, locus io AEgypto, 778 668. 2, 778
668. 2.

8866866, civitas, 62, 889, 236, 286, 288, 738,

Horatia 8666688666, 6, 88, 266, 323, 383,
388, 666, 682, 693, 788, 786, 786, 766, 766,
769, 796, 798, 732, 793, 936, 933, 938.

88666686 86688866, 296.

Horatia Teroisiaa, 878, 269, 376, 928.

8868668666, vultis, 622.

Maritima, 686, 78 6, 667.

Marta, 66666, 376 68 not 2.

Hortarium, 879.

8866668 cestrum, 628.

886686, 66.

 

